%YAML:1.0


# Initial extrinsic (usually provided by hand measurement or cad design)
data_num: 13
image_path: /media/zzy/T7/zglvi_c_data/lidar-camera/orign_data
pcd_path: /media/zzy/T7/zglvi_c_data/lidar-camera/orign_data

undist: 2 #0 for origin 1 for fiseye 2 for pinhole 

CameraMat: !!opencv-matrix
  rows: 3
  cols: 3
  dt: d
  data: [3490.16543639052, 0, 1556.80196748468, 0, 3476.19182807473, 1122.64725443337, 0, 0,	1]

DistCoeffs: !!opencv-matrix
  rows: 5
  cols: 1
  dt: d
  data: [-0.0928579725599947, 0.204433911852655, 0.00300851862332235, 0.00254110291866720, -0.0404957345758367]

Canny.gray_threshold: 5
Canny.len_threshold: 5

# Params for Voxel Cutting & Plane Fitting & Edge Extraction
Voxel.size: 1000
# Voxel.down_sample_size: 0.02
Plane.min_points_size: 30 #60
Plane.normal_theta_min: 30
Plane.normal_theta_max: 150
Plane.max_size: 5
Ransac.dis_threshold: 0.020
Ransac.iter_num: 200

Edge.SearchForPointDis: 0.05
# Edge.min_dis_threshold: 0.03
# Edge.max_dis_threshold: 0.06

# Params for color point clouds
Color.dense: 1
Color.intensity_threshold: 10


initial2d_radius: 50

initial_guess_result:
  rows: 4
  cols: 4
  dt: CV_64F
  data: [-0.123659, -0.992324, 0.0015526, 0.0162471, -0.0220754, 0.0011867, -0.999756, -0.0755704, 0.992079, -0.123663, -0.0220527, -0.0347531, 0, 0, 0, 1]
